0.0
0.000738311905159
0.000325552628457
0.00184279897355
-4.33209868588e-05
-4.33228636482e-05
0.00933588781871
0.00729142055413
0.00142639709952
-0.000723589033019
-0.00589329743581
-0.00465801020371
0.00223511805924
8.58663919469e-05
0.00338583844297
0.00188082469739
0.00441031491147
-0.00400469168719
0.00406846651953
-4.25161029804e-05
0.00506791869158
0.0123183261164
0.00518864665463
-0.000686106373399
0.000790020831111
-0.00208034359078
0.00264129514551
0.000394555144199
0.00186683314951
0.00411544490937
0.00140240907327
-0.00672052488612
0.00155490396108
0.00485643500908
0.00378609065609
0.00246148921231
-0.0088485226277
0.00737235629096
-0.00357642410316
-0.00107130359038
0.000597599317151
0.000432521504091
-0.00725397135906
0.00211342100503
4.13950119071e-05
0.0131795930739
0.000979971904236
0.00577859869945
-0.00205124111039
0.0071509182558
0.000222013664844
0.00125042873724
-0.00215897825006
0.00121121600693
0.000564732473007
0.0100711038604
0.00444148633378
0.00139013030032
-0.0015491254513
-0.00179043953374
-0.0030111795259
0.0022741790842
0.00673229364597
0.000652941723418
0.00100825392815
0.000671604963516
0.00116436274169
-0.00292334338199
0.00323886922814
0.00405352778565
-0.00610622760836
-0.00150271901733
-0.000890833383997
0.000732520993743
0.00631302773346
0.00861584761533
-0.00154147875868
0.00109293894325
0.00173453820006
0.00225623965163
-0.000874661124598
0.00116604490824
0.010856443678
0.000115271560712
-0.000807180102635
0.00735579134633
-0.00076370860593
0.00152683440609
1.90706854964e-05
0.00224779125426
0.00415840491384
0.000852329277968
-0.0021227004161
-0.0143125741365
-0.000750888104825
0.00855361741537
0.00938956187576
3.78357926644e-05
-3.78357926644e-05
-0.00938956187576
-0.000133686009958
0.0185817755387
0.000168714675765
-0.00183864967371
0.00578593706704
-9.33576063789e-05
-0.00452895934513
-0.00146412910489
-0.00831852687509
0.00555336611656
0.00969143330017
0.000783202218083
0.00121089071139
0.00503274194719
0.00993510775639
-0.000440286193133
-0.00183661526796
0.0129493613519
-0.00247097638399
-0.0102026775468
-0.00312914406408
0.00423121423055
-0.00158001135203
0.00161672611504
0.00428634888389
0.000310686711504
0.0122226266227
0.00428690450823
0.00147275431627
-0.00433465610314
0.0109531691012
0.000196097657261
-0.00198056965955
0.00504183286252
-0.0075991731931
-0.0134844846791
0.00463550607338
0.000144513891649
0.00542221549129
0.00799839644712
0.000908516063951
0.00640737706761
-0.0040597494043
-0.00154668072327
-0.00431488589583
-0.00150209248228
-8.94814550281e-05
0.000339986940619
0.00194822085447
0.000642616183911
-0.00121417745476
-0.00404597923844
-0.00420652090762
0.00830609789496
-0.00209244382485
0.00250326448955
-0.00166218391993
0.000304046503572
-0.00196899787955
0.00252319774535
-0.00426271847092
0.000574197037129
0.00472458733451
-0.00187642462241
0.00169786913582
0.00164150912926
0.00171001110426
0.00348221934505
0.0094086359673
0.00175540270119
0.000210441401615
0.00418209311426
0.00214549310882
0.0045200960115
0.00391247642633
0.00832778948704
-0.000445602255951
-0.000994751908598
0.00245079259237
0.0043895302639
-0.00644573386704
-0.00218076378786
0.000137511387878
-0.000687746111254
-0.000636586541348
0.00827832066489
-0.00249513066524
-0.00461355898805
0.00106523728782
-0.00149508968312
0.00199295659127
-0.000240318594949
-0.00709821563103
-0.00147072844858
0.00335356154499
0.00626206285221
0.00239808268401
-0.00251813790956
0.0064113195225
0.00112415061829
0.00544951225117
-0.00541546680049
-0.00409375251895
0.00252646088637
-0.0069631849938
-0.00992080187133
0.00515384824936
0.00610518255585
-0.00300493894282
0.00466665226
0.0093702237629
0.00144032423717
-0.00357921724225
-0.00364323935895
0.00915093437855
0.0026161014777
-0.000910639365448
-0.000708848825482
-0.00509484086862
0.00789355461357
0.00567448849091
0.00455984955902
-0.00538048953674
0.00566374969643
-0.00307014857721
0.00262022730584
0.00224758479353
0.00849504599526
0.00196031658457
-0.00374275999356
0.00265600024161
0.0109777780635
0.00649690434952
0.00403923448378
-0.00648685899867
0.00212377982797
0.00329830533452
-0.00119518709212
0.00469177866147
-0.00770222036209
-0.000940596537245
-0.0155830320851
0.00840216965246
-0.00983692561905
0.0074809421337
0.00238866642812
0.00383282834153
0.000374339823549
-0.000667399202732
0.00294297192208
0.00776288406664
0.000950042340287
-0.00584334441785
-0.00160400549616
0.0028336199405
-0.0146756060443
-0.0181638035377
0.00700986078455
-0.00146118747459
-0.00331217066696
0.0142686942364
-0.00340794363469
0.00307918011133
0.00588492522697
0.002562785533
-0.000994951924777
0.0116326600735
-0.0047373147392
0.00741132847836
0.00417389676787
0.00945501594763
0.00927212310307
0.00382901729512
-0.00411206731824
0.00875309948655
0.00761015041367
0.00555445551909
0.00940282578558
0.00045716376402
0.00770974057603
-0.0014221310152
-0.00749192389519
-0.00651926710198
-0.00514124121758
-0.0113765457228
0.0115617194781
0.016466063404
0.000333854351554
-0.013165118288
-0.00496263636965
-0.00385452377015
-0.0067228190147
0.00613326953752
0.0099446456463
0.00762287481232
-0.00579605381625
0.00252747808122
-0.0313120402467
0.0102394261043
-0.00458849298925
0.00228904806607
0.00362664729773
0.000873430609999
0.0173409389848
-0.00147200909785
-0.00262739555142
-0.00121616123736
0.00220032247319
-0.000891854963549
0.00449728695622
-0.00623715421063
4.62303039725e-05
-0.00531505222068
0.0126692118902
0.00233768126075
0.000945741943976
-3.04938478686e-05
-0.0178760240465
-0.00318711742617
-0.0136242102999
-0.0036689164096
0.00872320953203
0.00903695956229
0.00389906434986
-0.00526967433002
0.00311231013276
0.0022658854404
0.00436209081726
0.00567925372356
-0.00216631542373
0.00414416113729
0.000903294022363
0.00107064753807
1.52866631511e-05
0.000626552073983
-0.0172582791307
-0.00272371589619
-0.0012788124384
-0.00398727728491
0.0101479402148
0.00103859071039
0.0102503344444
0.0143425113885
0.00616378890828
-0.000270469265822
-0.000856968938462
0.00608807062767
0.00631866549485
-0.000579533566012
0.00837791131598
-0.00357348913224
0.00370614151687
-0.00929867369016
-0.00641716624308
0.00562843464623
-0.00384839603255
-0.00215439939703
0.0072823099838
0.0087047181766
-0.00800613982938
0.000415942487094
-0.00170944024028
-0.00177198083786
-0.00288057750995
-0.00167544318753
-0.00310398593759
-0.00103680672844
-0.00467142694867
-0.0001510551203
0.000211470780058
0.00713353514903
0.00300968266177
-0.000553341373394
-0.00613715191632
0.0062418616088
0.00310638102809
0.00779797640369
-0.00336423706883
-0.00179790688916
-0.0224998963994
-0.00748106513519
0.00338104338791
0.00199876478838
-0.015963710828
0.000805040837372
-0.0256912695186
-0.00227314371787
0.00903019348806
0.0148559043457
-0.00753343290972
-0.00779571728026
-0.0109469299802
-0.000351011555075
0.00718706882751
0.00746607838832
-0.00787809664973
0.00687114228666
0.00735568439151
0.0156130833453
0.0190023317597
-0.00341720424462
0.0032511502163
0.00268367492622
-0.00236668661439
-0.000739795759533
0.00552766361881
-0.00840144613051
0.00279826236667
0.000347345453644
0.00441435303913
0.0020573821447
-0.00133606571099
-0.000931798438275
0.00839982479564
-0.0054571006542
-0.00473361216289
0.00378868060011
-0.0023888053066
-0.0112086243159
-0.0082634368444
0.00417843893749
0.00135843663331
-0.00945564686593
0.00956241195995
0.0122477733055
7.53255949194e-05
0.00521378398241
0.00578291100029
0.013893941739
0.00504207675636
-0.00152166944763
-0.00215477835662
0.00224262994606
0.00588309982041
-0.00080086789233
-0.00126813855737
0.000320830662497
4.37416617528e-05
0.000481032041636
0.00165996892913
0.00254284834166
0.00712899504673
-0.00177388115365
0.0124513887755
0.00267653918328
-0.00384621337698
-0.00558188914422
-0.0030617769274
0.0086722109942
0.00410198552672
-0.00137969313051
0.00261553262869
0.00365594852442
0.00540271166975
-0.00136555308514
-0.00463140292141
0.000990211137324
-0.00706606419113
-0.00195266629415
-0.00523538937738
0.00606253107968
-0.000855676036237
0.00621548471176
-0.00212910998501
0.00419709939056
0.0104303239265
0.014526956098
0.00421418571123
0.00434702803879
0.0014357111628
-0.00316128986513
0.00214966981987
0.00647577944192
0.00236172488466
-0.000813757979046
0.00694982448182
0.00240897492869
-0.00161431393099
0.00801892354488
0.0110244448835
-0.00141441804425
-0.00127071547781
0.00267192391868
-0.000607830460448
-0.0110046032266
-0.00425880192102
-0.000966780428176
-0.00644215761854
0.0136436558065
-0.0029653397806
-0.00915162911215
-0.0155510164365
-0.000905387114813
-0.0105683852262
0.00699371207661
0.00754679139933
0.0192519314993
0.00416157107568
-0.00260731934923
0.00548751335309
0.0063576548883
0.00128255152745
-0.00389239489479
-0.0175437226936
-0.00504822591298
0.0148416235038
-0.000508130092234
0.00743567201837
-0.00641966989896
0.00856809786449
0.00614126802208
1.3166470267e-05
0.0122354098092
-0.00216137474608
0.00331826323538
0.00830578155075
0.000682607070237
0.00772085763315
0.00447433743046
-0.0110885589953
-0.00909519989995
-0.00716363431831
0.0
0.00973003149626
0.0149938248075
0.00253450047476
0.000724780531318
0.00321068302892
-0.0140094410112
0.00239985228402
0.0119896193876
-0.00524448976335
0.00528248488731
0.0165544236174
0.0112103936952
-0.00412269916773
0.00961374244054
-0.00466607754829
-0.0119979895137
-0.00128383322818
0.0105580832516
0.0021574183464
-0.00785064395212
-0.0132564802473
-0.00535977927123
0.00566159393417
-0.00549722111095
0.0138613843163
-0.00428603323955
0.00799490392208
0.0107252884632
-0.00284309633415
-0.00876460178597
-0.0184467717117
0.004561746173
0.00319722340731
-0.00763232478082
-0.00493834433206
-0.003978531408
0.00185096590264
0.00862233038507
-0.00230385681284
0.00181061984042
-0.0212488338392
-0.0218950614603
0.00332287549608
-0.0126247744035
0.000279919758164
0.0100516686173
0.00556569399205
0.00522167062443
-0.0072312199403
-0.00297576160707
-0.0276623765235
0.0082086083784
0.014668753794
0.0116055970816
-0.00230774376333
0.0059812626375
-0.0078207785753
0.0185545199698
-0.00125302777577
-0.00318483976043
-0.0075624323187
0.0098679237747
0.0269191307506
0.00913889486328
-0.00351278902604
0.0179216711041
0.0210808288579
-0.00305178005919
-0.0147746970726
0.00567280294789
0.00549532093418
0.0154956061225
-0.00542259781327
0.00348676641469
0.00696102744094
-0.0145130356709
0.00423326869995
0.0100184129179
-0.00274834944948
-0.00440595097261
0.0135142813553
0.0031590016487
-0.00294651699401
-0.00370132097199
0.00496349313703
-0.00226596896277
-0.00104028759145
-0.00637167777184
0.0039440753457
0.0171388434412
0.00569464384378
0.00273119867956
0.00495723963681
0.0158471796665
0.0110428705429
0.000705025292609
0.000581551416587
-0.00601073871039
0.00999420758273
0.000790342281593
-0.0225967798944
0.0199673105123
-0.00823381842557
-0.00599098070384
0.00408813768841
-0.00243731925402
0.00663227235038
0.0144844487446
0.0141576817652
-0.00516096316988
0.00715478624945
-0.0122764082244
0.00685219995976
0.00316860507888
0.00185280098343
0.00800377346308
0.0116305979882
-0.00533134760267
-0.0176623917825
-0.00258171937036
0.022784863703
0.00275856344807
0.00398538511161
-0.00160716125893
-0.00249568184824
0.00621695264901
0.0105565274274
0.00211895600106
-0.00754164872456
0.00333080668848
0.00217589052931
0.00831294750542
-0.00955272996686
-0.0187300207302
0.0036994706835
-0.0112368571128
-0.00487950983035
0.00297814265028
-0.0262506993784
0.0128827679253
0.0147079072315
0.0143031129894
-0.0153403566077
-0.001633677923
-0.00366654421717
-0.00778978180537
0.000744503844497
-0.0110380405051
-0.00465854852726
0.030773343159
0.000301815205154
0.00323877338952
-0.00195707404717
0.00231151829841
0.00259542621644
-0.0157507371923
-0.00703205527133
0.0123279535703
-0.00449102551246
0.0277383081537
-0.00279566430814
0.00453899387436
0.00339340614386
0.00516281827174
-0.00366999824724
-0.0078569911838
-0.00698051591683
0.0077637090563
0.00855390349648
-0.00637688810563
0.00854584769856
0.0052717686436
0.0047468525738
0.00790624022181
0.0106657588159
-0.009484168875
-0.00331197653168
-0.00375722985352
0.00115757500989
0.00224930191099
-0.00471075251307
-0.0109008507969
-0.0116774430182
0.0120542367176
0.0172939487946
-0.00390567127254
-0.0185501208041
-0.00956500081701
-0.0711274461288
0.0498869307178
-0.00292231102966
-0.016984894062
0.0120333630431
0.0262961510564
0.00188322970939
0.0021236841145
-0.00502981191098
-0.0112783553426
-0.00690239887726
0.00287277083706
-0.0194787930965
0.0117414742808
0.0126721876147
0.0190451463436
-0.00845884168942
0.00675584940672
0.0151192486943
0.00427664576651
-0.0171963017674
0.00437420657507
0.000862041830871
0.00394328894222
0.0200714447779
-0.00317501358451
0.00522467764488
-0.0037643579662
0.010925607814
-0.00144444017465
-0.00673086829891
-0.00615759795474
-0.0154310419318
-0.00162445734318
0.010434260299
0.00481509449914
-0.00258587841525
-0.0106621030457
-0.00895867364463
0.00728240295353
-0.0153952418048
-0.00687030904722
0.00402320301276
0.0178752887649
0.0181795786246
-0.000422403896518
0.0047392235588
0.00207980158059
-0.0107942292632
-0.00267277350423
-0.00828108167158
-0.0301125876846
0.0123414711222
0.0136519808912
0.00609406826148
-0.00755503496641
0.0112748548278
0.0176180134643
-0.00799220427277
-0.00803582678279
-0.00567523638382
-0.000668567931554
0.0125341080286
0.00867211879348
0.00818160910172
-0.00530073426608
0.0211862280725
0.0047128774454
0.000894232261885
-0.00334255499129
0.00884926409719
-0.00170027719886
0.00814883188866
0.000980863434566
0.00404080485247
-0.00396237732437
0.00261399664228
0.00907132809467
-0.00368867994785
0.00575034675596
0.00379280016522
-0.00732830659162
0.0119029503286
0.00551740045744
0.000638700504551
-0.00156410973024
0.00411484016487
-0.00446805706758
-0.0117943337448
0.0197448468514
-0.00320683386774
0.0112825780132
0.00395739291368
0.00135616068372
-0.00122514078723
0.00992614813298
0.00109273435206
0.00468151383422
0.00388000082209
0.00860711604427
-0.00328973145037
0.00917687704972
-0.00337020947923
-0.0010259996451
-0.0048810791551
-0.00168110261424
0.00742481831236
0.00579213348359
0.010645655615
0.00239888464402
-0.0011764287835
-0.0106055419792
-0.00714547179179
0.0081543809044
-0.00088273979322
0.005446127488
0.00319453353676
-0.0100113519051
0.013044306363
0.000828002558023
0.00268406432246
0.0034290152817
-0.0097417797071
-0.0104872834324
-0.0194679960453
-0.00131697115712
0.00872590673342
0.0155280793332
0.00828579368135
0.000954049656195
-0.00587245885577
-0.00952980073165
-0.00889072518166
0.0118007251566
-0.00135453654932
0.00823427662511
0.00274763558626
-0.00133260015338
-0.0077624934949
-0.00262807493612
0.00334034815456
0.00856155782933
-0.00395756437207
-0.00374813369393
-0.0149243637609
-0.00163750751285
0.004904500134
-0.00619627100142
0.000146667889162
0.00205109494122
-0.00964184036109
0.0111134706169
0.0172323602838
0.00166847606409
0.00240809738012
-0.00549607110861
-0.0160412346476
0.00388434987946
-0.0200663947433
0.00977555599487
0.0177887772731
-0.000668630416872
-0.00518347165613
0.00232319761819
0.0146491124622
0.0118898384751
-0.0031828014279
0.00346522746946
0.00465733402181
-0.00409272111953
0.0128988819608
-0.00186494054
0.00947158464421
-0.00230969959816
0.0100990070055
-0.00672708069047
0.00496795962552
0.000738349564777
0.0105773213039
-0.00235505275933
0.00778365808694
0.00232838796909
-0.00223548609452
-0.0162018213053
-0.000850095579606
-0.0211221353585
0.000920830566481
0.0056554364549
-0.0149552075794
-0.00446031465035
0.0156429544209
-0.01968591859
-0.0073709197143
-0.0369178043373
0.00864624271486
0.0075539496766
-0.000165207335581
-0.00580875152923
-0.0131593074149
0.014155911661
-0.0086238973104
-0.0113770488878
0.0194935403688
0.0160470656608
-0.00285550788321
-0.00590047655106
-0.00953597918578
0.00636128595996
0.00431914618783
-0.00795579840301
-0.0391251625113
-0.0149297608672
-0.070437590373
0.037902812228
-0.00380906775732
-0.00833363501813
-0.00855767817453
0.0496459618351
-0.0170081846976
-0.0261897076334
0.0290280529785
0.0202677162047
0.00770053142539
0.00748865805024
-0.0257819400534
0.00119668865068
0.00371824027438
0.00559041543225
0.0347982355428
-0.0221650663453
0.00194493874395
0.00376414385135
0.000314628812107
-0.0309894451496
-0.0305704149183
0.0163000909058
-0.0141025660335
-0.00402402793211
-0.014228454046
-0.0116470758944
0.0256723790697
0.0134404929291
-0.002920940993
0.0107283327409
0.0408820605412
0.00848900725506
0.00563525356086
0.00144851223642
0.00561428004199
0.00796876307714
-0.00726802166408
0.00153990483022
-0.00653052852819
0.00257800961182
0.016564756062
0.0116635946427
0.0117000615311
-0.000683933001228
0.00702399378521
0.013478441754
0.00629491365927
-0.00951922686982
-0.00171798524406
-0.00648224105743
-0.00293032648733
0.00715877551894
0.00897604618715
0.00303271607579
0.00451879217127
0.00707855064164
0.00944674060327
0.0209722963728
-0.00440284112051
0.00327445795684
0.00458978613407
-0.0243649466038
0.00996198771779
-0.00343486250954
-0.0181878804745
0.0228642291853
0.00927076051678
-0.00533541711757
0.00178445374156
-0.0157294461698
0.00123526702619
-0.0218931809213
0.0187763488062
-0.000765667178671
0.0154064671967
0.00679898396547
0.012388954169
0.000606712922896
0.0205343322428
-0.00184943082929
-0.000636277634283
0.0132292287248
-0.00798794742748
-0.00219408822113
-0.000919697459967
0.0134905478407
0.0218989173234
-0.00205344535526
0.0042124849114
-0.00883040984542
-0.0194702142792
-0.00413111816301
-0.0181563810296
0.0253083209777
0.007005310663
0.00368330414586
-0.0172250604794
-0.0081045823339
0.007148783886
0.0147451279666
-0.00732527679705
0.0177000004652
0.0112142188422
-0.00520246879806
-0.00868647941791
0.00795565469294
-0.0187106737562
-0.00730742954821
0.00351969821752
-0.0224651812676
0.00607456093677
0.0246138701961
-0.0192504847723
0.0094984532894
-0.014469614552
0.0107667282849
0.0015667275565
0.0262183723195
-0.000754918803448
-0.0140777658755
-0.00671624303097
-0.00538789633672
-0.00175389721217
-0.00866087650975
0.00179357621863
0.0153094319506
0.0228628059797
0.00567588108079
-0.00225554909738
0.00545453064291
0.00838845399844
-0.00238401205392
0.00973930099724
-0.000673390392903
-0.00657401952894
0.0143287449429
-0.0131967172991
-0.00175634602018
-0.0272529224149
0.00509735449129
0.0167284189243
-0.00558927756869
0.021111710949
-0.00721587859762
-0.0111167229132
0.00569749108178
0.0209580723301
-0.00244788887718
0.00680588535911
0.012797502869
0.00324626166753
0.00759521638043
-0.00650558885849
-0.015965928748
-0.00421682145918
-0.00291462628498
-0.0226348374037
0.0128601545049
0.0226707006038
0.0168467846254
-0.00145083927396
0.00234827428855
0.00202729572453
-0.00876296736615
-0.00599911218812
-0.00571321302646
0.0144622400887
-0.0168467821944
0.0114284398858
-0.0113909030528
0.00967490410258
-0.00350054355149
0.0113580680286
0.0061700218904
0.00260657061578
-0.0220016563349
0.0012624708003
-0.00461687210069
0.00814928601033
-0.00402526018145
-0.00639913465259
-0.0179303536272
-0.0171749267177
0.0157274325823
-0.0180580816588
0.0158176142135
-0.00583954511768
0.000424862988079
0.0036463894547
0.021475424625
0.00508589631624
-0.0129647157867
0.000993941591026
-0.0120697565883
-0.00707119559042
0.000278245816514
0.00551797821124
0.0222309911148
0.00710781890771
0.00219178986929
0.00457680304391
-0.00977332650454
-0.00211319928467
-0.0130474057606
-0.000357266383894
0.0121210857334
0.0149846250942
0.0156087980423
0.00599202132732
0.0074021505436
-0.00223074635383
0.00556039909922
-0.00103215457075
0.00633379534594
-0.00298318079628
-0.00396754869357
0.00330261464411
0.00815592581373
0.00647718287709
-0.00787570010908
-0.0219418085384
0.00158903526774
-0.013371193208
-0.002965516116
-0.00678820959886
0.0111268026136
0.00187666829262
-0.0180094505881
-0.00922190260535
-0.000504371860721
-0.00442981144959
-0.0128260071275
0.0063993131816
-0.0102678790397
-0.00191679330768
-0.012693881363
0.0158711370582
-0.00289990165107
0.0224851809132
0.00232466391435
0.0100115605577
-0.00845727864951
-0.00696426210073
0.00978881585259
0.0175098936346
0.00240847193216
0.0133248368055
-0.0144182102648
-0.010139260675
-0.0181497260284
-0.0027302687101
0.00804083563532
-0.00902586329573
0.0284959591665
-0.00501535569644
-0.00467602722426
0.00260791214042
0.00296371154799
-0.00558650309085
-0.00584984618643
-0.0138044433663
0.000386883882768
0.0127662911717
8.23676969334e-05
-0.0211501162588
0.00223827387389
-0.0232360352851
-0.00238489109312
0.0046472295988
-0.00086532507709
-0.0108447410135
0.011242415791
7.79569054622e-05
0.0168434961259
-0.00249429320209
0.0183121134942
-0.00587204302442
0.0138527874147
-0.000606462210163
-0.0167435234106
-0.0211584171027
-0.00165825251995
-0.0284589880665
0.00537270334667
0.00571668654202
0.0220414686182
-0.00452383944718
0.0139562696321
-0.00618047033778
-0.00910106688044
0.0114791342009
0.0346585662377
0.0151479404308
-0.00648499724002
-0.00472268130705
0.00532067693219
0.00567420208958
0.00555461439072
0.00493587292337
-0.00855494607814
0.00597356764369
0.00580780747686
0.0105130724326
-0.00119693970462
0.0182491225182
-0.00661304242025
0.0100365838184
-0.00206537618996
-0.000745706943601
-0.0115375822417
0.00881737422329
-0.000324663869881
-0.00622424073918
-0.0135302449535
0.00632307077212
0.00806628381326
0.0170708565051
-0.00698028129773
-0.00999831806539
-0.00376104671854
0.00300854781888
0.00632180927795
-0.0012851929205
-0.008551033338
0.00721465937871
0.00384872531606
0.00158461338668
-0.00207106501372
0.0107592778464
0.00188182215865
0.0153468067832
-0.000850643521919
0.000384251195221
0.00397108480441
0.00068990723143
0.00325866424189
-0.00959497456801
-0.0390992268757
0.00192037981153
0.00095524608413
0.0267299352627
0.0111278212983
-0.0131486342692
-0.00439597894778
0.0120962081152
0.0106147838844
-0.00685551038024
0.000522150171257
-0.00712055864527
-0.00291659512657
-0.0280226152949
0.00604648372905
-0.00422157464624
-0.0039462702632
-0.0278407959631
0.0249049036709
0.0105716921142
-0.000113539597057
0.0111853647924
-0.000421150167315
-9.12725856401e-05
0.0121985071366
-0.0210351097102
0.00362024619908
-0.0211923264857
0.00203092548904
0.00867487057125
-0.0103093696589
0.000425082771456
-0.0308470706554
0.00450661558944
0.00628121466797
-0.00534981306309
-0.0149400387143
0.0109570315386
0.013535077157
0.00930218937357
0.00186167858329
0.0196428296797
-0.0127766918665
-0.0259652724609
0.00814016073206
0.0252795764786
-0.00473405824137
-0.00824134020465
-0.0178437486672
0.0239826272135
0.0465458094687
0.00410546123246
-0.00536785377087
0.0252445197012
0.00452161557944
0.0176425237906
7.20175723189e-05
-0.00235963561368
-0.0106413810652
0.000523829270163
-0.0137498662079
0.00713882154488
0.00491921579095
-0.00749162033511
-0.00493612886495
0.00934858299625
0.00994808862928
-0.00787210145746
-0.00257566572236
-0.0225229889053
-0.0183381576485
-0.0600451339356
0.0325481958159
0.0282602651522
-0.00985689801946
0.00494059376539
-0.00326770294957
0.0327343229553
-0.0111965722183
0.00268634535128
-0.00856261765792
0.010833199609
-0.0150695585417
-0.0218014569026
-0.00391550663626
0.0162272225856
-0.0059227280387
-0.00848290358915
-0.0208150789786
0.0177441001293
0.00929739407967
0.0218571200283
0.00937506866546
-0.0125197253449
-0.00734142867005
-0.0212794933087
-0.00443785076219
-0.0193620938124
0.0181691385354
-0.0126090925646
-0.00253665602004
0.0317330507415
-0.00130141943414
0.0196632122456
0.0194464907285
-0.00654016572838
-0.00669296663161
0.00923125495696
-0.00660752549748
-0.00323440812083
-0.00754408579774
0.0160802520923
0.000748304445152
0.00555393100834
-0.00969703744589
0.0146013724591
-0.00678609602982
0.00215222682804
-0.0183882014323
-0.00739551209777
0.00954857278526
-0.00327614149165
0.00293938677304
-0.00858072163706
0.00842948874499
0.010218477911
-0.0159892560869
0.00719283820392
0.0151455594243
-0.00222032773343
0.00355826521214
0.00809742806297
0.00195398822861
0.00940848374514
0.000337695792275
-0.0111510593837
-0.00791750615827
0.00914186912404
-0.0103369471658
-0.0107999745605
0.00692811983217
-0.0150674724118
-0.00192967765355
-0.020722049297
0.00767529165006
0.00506810243626
0.000417130150653
0.00958758891942
0.00711375702306
0.0111412487294
0.00234966956172
-0.00671931397004
-0.00860522438612
0.00790566480843
0.0133092333753
-0.00479169193596
-0.00309012889774
0.0109009386132
-0.00291185329196
0.00518856472923
-0.000900717632561
0.00521954515441
0.0015526098903
-0.00123392922554
0.00505870890148
-0.00281091347905
-0.00481339914808
0.00999256726248
0.0020339324756
-0.00904278170186
-0.00988895576928
0.0068519949125
-0.00534534023727
-0.00351235044842
-0.00489357308064
0.00196838514463
-0.00272441145256
-0.0102217622054
-0.0146378269886
0.0105977765129
-0.00588067261284
-0.0015790983115
-0.000227761348504
-0.00671113245205
-0.00824778595338
-0.000448527924878
0.0219915547936
-0.0150479556369
-0.000194935845838
-0.00682577431225
0.00549501868572
0.00136556838611
-0.0191833020319
-0.00495194927296
-0.0107636255469
-0.0163035436218
-0.0258405022001
0.0328363974756
0.000327416793585
-0.0180949593055
-0.00582446578057
0.0341533584652
0.00586570898062
-0.000823572848596
0.00168223067614
-0.024054463594
-0.000337077831531
0.0110350169713
0.0137355303905
0.0217401403934
-0.00573911812333
0.00498327076851
-0.00114185251688
0.00384766536924
-0.000223459006677
-0.0159023466225
-0.00650670405052
-0.0247001118686
-0.010834629254
0.0231814082402
0.00494814841297
-0.0126643088921
-0.00335761837166
-0.0185221910072
0.00351677146952
-0.0187216813173
0.0145716188369
0.00535170041283
-0.00959390016803
0.00436143812028
-0.0203102341421
0.000212913185453
0.00737826239382
0.038183286714
-0.0183876148344
-0.00587012494484
0.0194150800385
0.00749797155871
-0.00655673321365
-0.00819433621096
-0.0141139436935
-0.0216963898311
0.00803832951087
-0.0130426375383
-0.03179613777
0.00796980120221
0.0240943766222
0.00705039660239
0.0103854403989
0.0039802691538
-0.0105030161214
-0.0284323275514
0.0488840419469
-0.0106084772721
-0.0265928448966
-0.00191966013905
0.00380489240777
0.00954075031729
0.0102648917104
-0.00625245386596
0.00612431976214
0.00212339883708
0.0138193904773
-0.00403641493428
0.00026811248969
0.0129473195459
0.00286270243579
-0.00498933730537
-0.0018875859995
0.00678163180443
0.00698348285374
-0.00563558617398
0.00544630253917
-0.0176284615321
0.00358017676719
-0.00151483271596
-0.00844369422635
-0.00625418172225
-0.0134252514086
0.0117578583137
-0.00868976556544
-0.00218619143367
0.00809077536638
-0.0190863206348
-0.0175088856668
-0.0186809209598
-0.00195367851973
-0.00557095586518
0.0173387381746
-0.00768933028922
-0.0144124710378
0.00103983210843
-0.00569604151342
0.00584104844178
0.00993110947146
0.00643165722939
0.0022559703706
-0.0250757686742
-0.0441407762775
0.0147196305627
-0.0261818310741
0.00585404210825
-0.0198191583303
0.0174731111949
-0.0243719458741
-0.0180862945933
-0.00407194318993
0.0197134951693
0.0112192128236
0.0252533913662
-0.024733005228
-0.00464098449943
0.0107267044774
-0.0125402736068
-0.0349984439796
-0.00290536066543
0.0427529638048
-0.0201860468631
0.00808470348299
0.0267061843672
-0.00213343010401
0.0149914061165
-0.0032329347127
0.0102299447059
0.0381532466573
0.0124647960958
-0.0085794804236
-0.0150934638015
-0.0122360113706
0.0158151453568
0.00468483808367
0.0148983487847
-0.0028691213723
0.0134983567075
0.000781413450868
-0.0149843225566
0.0143371346443
-0.00245047788346
-0.00182991364917
-0.00449788976397
-0.000286770330795
-0.00760545081907
0.00260564007615
0.000416273081148
0.0280554852835
0.00272005390207
0.00268945501102
0.0160246673234
-0.00263136971538
-0.0156482297726
0.00319105536794
-0.0118862880687
-0.0078246308196
-0.015779278987
0.00618237521708
0.00385457999437
0.00509539116021
0.012906541385
-0.0106047359748
0.00544173090681
-0.00944175201938
-0.00839110248273
0.00116323551902
-0.0114117637157
-0.0176565747563
-0.00452710665013
-0.00489519260164
0.0034283245957
0.00867100172749
0.0113001064232
-0.00949491171119
-0.00552385864159
-0.00151107051944
-0.00468732194421
0.0124156899778
-0.00148536292194
0.0100281202814
-0.0018371869507
-0.0123978129442
-0.0237787312356
0.0068553903958
-0.0145026278353
-0.00113477591887
0.0234150176201
0.00622160417996
-0.0109424489254
0.00992192310147
-0.00555706072625
0.00603453309543
-0.00343794523801
-0.0165041133516
-0.0164054672305
0.0159519753352
0.0103952603584
0.00239958599832
-0.0010786860991
0.00555522488351
0.00387284387892
0.0039562078621
-0.00525646974354
-0.0114874774008
0.00326004081016
-0.0174800194324
-8.44965694895e-05
0.00567075024325
0.000949001729876
-0.00383512803855
-0.00736656254421
0.00308516653716
-0.0168033890106
0.00809131089018
-0.0121530093636
0.00693200397432
-0.00276703794319
0.0194635930141
-0.00483897836971
-0.0151238399947
-0.0112118989106
-0.017150126835
0.00402190932888
-0.000564742439519
-0.00105975247038
-0.0226447700528
-0.0188128786473
0.00620663786855
-0.0504679396766
-0.00582185655076
-0.0162436948527
-0.0315525214767
-0.0192177535757
0.0382425679453
0.00875127129732
-0.00517999880597
0.0114236179227
0.0216851982676
-0.00229864154417
0.0122305197507
0.0197311932826
-0.00247442829261
0.00163474284541
-0.00837938749236
-0.00536998916891
0.0226791274557
0.0150937946914
-0.0052807694849
-0.00153096567813
0.00691196432342
-0.0188083516298
-0.00790422160616
0.00454696897943
0.0151802413974
-0.00470874745726
0.000387100346773
0.0136276928366
0.00410033685563
-0.024106604589
-0.0173149516165
-9.43587614479e-06
0.0226888102718
0.00285543416969
0.0142830869643
0.0144216389767
-0.00273867336649
0.0024526270608
0.0015811692331
-0.00176893159803
0.0183931968995
0.00185940500005
0.000902143747274
-0.00314789662326
0.0108399068162
-0.00732437922025
-0.0049392781001
0.011637951208
0.00613583926631
-0.0068663248978
-0.018420025462
0.0102966458563
-0.000657995768701
-0.00841655661358
0.013100816027
0.0220729001137
-0.00278080993761
-0.00755999317531
-0.0159951892485
-0.00278474631905
0.00027266770332
-0.0156798177954
0.00330885441938
0.00998480022257
0.00751777586892
0.00579286935405
-0.00841240345376
0.00434170550984
-0.000209649100587
0.00411505275505
0.00672883527357
0.00335612764599
-0.0112079472157
0.0057236069834
0.00913823095826
0.00619393026438
-0.00652008812768
-0.00359477511292
-0.00481033809661
0.0012198869008
-0.00951291842593
-0.00629596521071
0.00681084660302
-0.0163785238918
0.00998044861494
-0.00997158002526
-0.00736131928598
0.00789329078485
0.00351276502309
0.000997603186782
-0.00019414562748
-0.0290301086001
0.0116792417844
0.0148235376336
-0.00710356387887
-0.0250482274089
-0.00404677222926
-0.00599027339555
-0.00308733514473
0.014749462153
0.0142383392289
-0.00400101460098
0.0098922195163
-0.00181656343718
-0.0110779009733
-0.0190541165423
0.0134232664844
-0.0156318438669
0.00819061235733
0.0178154734418
-4.50692037699e-05
0.000459610600763
-0.00285118977607
0.0223818930651
0.0193038956896
-0.00669573541312
0.0144053146962
-0.00450802595958
0.00583157325903
0.00338682549783
-0.00229664516675
-0.00990666256043
-0.000910221853553
0.0113143669909
-0.000523221167226
0.00405850272811
-0.015882235882
0.0015094735325
-0.0042479508258
-0.0147597359724
0.00583169079918
0.00533493449103
0.00245204030413
-0.000741086291999
-0.00856660080589
-0.0100435826763
0.000834909940405
-0.00321021853498
0.00227756079272
-0.00667831236172
0.0112710075998
-0.0239743641306
0.00661040019451
-0.00764383273264
0.0231484346909
-0.00204041872746
-0.00142188121035
0.000622321813794
-0.0155309884007
-0.00622062047865
-0.00712823764852
-0.00151971539168
-0.0139867581367
-0.0101505701654
0.010707869877
0.00881958956736
-0.00175032978515
-0.0103152458443
-0.0195293352232
-0.00302546183512
0.0368177615305
-0.0146543101472
-0.0169364950595
0.0183799872569
0.0209231148254
-0.00567552417984
0.00654092680547
0.00758342183404
-0.0133822335776
-0.0110510573227
0.00566971369671
0.0101324672479
-0.0121602672275
-0.00858986827976
-0.00643263149577
-0.00281383842896
0.00232667334531
-0.0251078270668
9.60905557407e-06
0.00881096684032
-0.0199617027159
-0.00157535478055
0.00311912684195
-0.0167686408595
0.00654914675019
-0.0105429044064
-0.00227089143271
0.0282875221038
0.000935701917005
-0.0166741016301
-0.0135225228132
-0.0171897007626
0.0036127717335
-0.0168426317172
-0.00267737777072
0.0174225579284
-0.000828090490955
-0.0216197588829
-0.0214539150753
0.00620375475538
0.03607147562
-0.0122584838288
-0.0250296773127
-0.0345520945326
0.00746821377408
-0.00646922353974
-0.00376226440342
-0.0186824722737
0.00564479246263
-0.0273903898603
-0.0391072843127
-0.0334643843099
-0.0273888097788
0.0557443240734
-0.00564768371346
0.0167427293498
0.0526665829728
0.0042403517975
0.00974434518084
-0.0300198461774
-0.0233528823919
-0.0348979398513
0.0294796960484
0.0198124360741
0.0321984015786
0.00350587427061
-0.00534087915194
-0.0219135059905
0.0392659502522
0.0114928259879
-0.0015922371063
0.0233374252446
-0.0140564669748
0.0126459849667
0.013953763427
-0.0229474861629
0.00750740762705
-0.0139477608614
-0.0182982289945
-7.62664313673e-05
-0.00188672099243
-0.0424234085493
0.0173650364991
-0.0160788773275
0.0166607541203
0.0100619699365
0.00730469886033
-0.000142933321849
-0.0250965096387
0.00326444524218
0.00144869782933
-0.0199256289129
-0.00465869641992
-0.0305258466341
0.0024515766908
-0.013924433926
-0.0174355138846
0.0245589364624
0.0180459397002
-0.0327909924827
-0.0147203826914
0.0392428855636
-0.0238700452587
-0.0108814208969
-0.022686566946
-0.0192961228999
0.0167572410198
-0.0276661607569
0.0343683393953
0.0383151232279
0.00729982487246
0.0462493390634
-0.0244084041133
0.0220567582983
0.00588573872909
0.0171854619896
-0.0106823819587
0.00669542891973
-0.0153378619617
0.0170214485094
-0.00830038101086
-0.00911774673191
0.00965678792546
-0.00557286395034
0.0170148279571
0.00816890537845
0.00772043708897
0.00910209366988
-0.0231174162609
-0.00880170810522
-0.0209502108822
0.00768561146389
-0.000475791295198
0.0243352058008
0.00612978050755
-0.0104630855267
-0.00402871837541
0.0192287068043
0.0212247741199
-0.00344363670439
0.00249004647233
-0.0211904927199
0.027601661527
-0.00273040624412
-0.00190288911624
-0.0148551737839
-0.00344878573709
-0.0120935837163
0.00624596538967
-0.0224260186815
0.0138608915676
0.000563719680454
-0.00374196413473
-0.0135117573821
0.0232470410608
-0.00817258421352
-0.0132323806216
-0.00773927045134
0.0129326918664
0.00180688673584
-0.00548650704431
-0.00315353237837
-0.0161584425083
0.00454756053568
0.000488855802961
0.0326607558378
-0.000484149611684
0.022225555697
-0.00656611104498
-0.0141857184983
0.0192005898566
0.0
-0.00141329055852
0.00581296848709
-0.0145309279356
-0.00395020210084
-0.0141162233494
-0.0158268643976
-0.0104871910992
0.0101716910289
-0.0296692507867
-0.0162917324639
0.0129660319906
0.00675607654257
-0.0231143663353
0.01304486507
0.00538456563736
-0.0141879560209
-0.00544986246535
-0.00646951249785
-0.0101449450288
0.00754059022486
-0.00813134671172
-0.0127680934504
-0.00160141839181
0.0212081109265
0.0193118939595
-0.00712141192747
-0.0095469240119
0.0131375497322
-0.0185517740645
0.0071687468541
-0.0132285318013
0.0116890142373
0.00461146054127
-0.00756584911676
-0.0154759245163
0.00951673203467
-0.00938291940864
0.00822541418517
-0.026169169355
-0.00839447539533
0.00431174807523
0.0338766816217
0.00164547801019
0.0348136049763
0.00423307980995
0.00869885460266
0.0018860489448
0.0227167028711
-0.035867073423
0.0120877622629
-0.00549096061206
-0.00164512510715
-0.00579671603884
-0.0179010201687
0.0120705062009
0.0257807284969
-0.00506445444719
0.00273457699035
0.00122812419489
-0.00186552362688
-0.0141034740753
0.0064342953499
-0.00377037943495
0.0193102211822
0.00628366293579
-0.0123115316698
0.0154162366111
-0.00175852284633
0.0214716186162
0.00835892300886
-0.0082930902241
-0.0139431284854
0.0176775204022
0.00327389689373
-0.00100285604341
-0.000676405476308
0.0149267819819
-0.00380259314302
0.00842589915188
-0.00511800946574
-0.0101087952485
0.0141774417312
0.0124567758572
-0.00297762762323
-0.00321007089075
0.00783693928575
-0.00250665133868
-0.025233635757
-0.00113012780298
0.00400402021528
0.0091091510538
0.0014476515726
0.0193776955216
0.00182705988768
-0.00376276155252
0.0145829275293
0.00353260251653
0.00470453162181
0.0149967056166
0.00394661458032
-0.00240659401252
-0.01204889073
0.0090883289001
0.0127529070081
0.00103206939055
-0.00996425169197
0.0221380986923
0.00090981018934
-0.00155311024171
-0.0153535306179
0.000994779999539
-0.0142113217952
0.0018421553332
-0.00830117541737
0.0107081598778
-0.00978581130819
-0.00176345190056
0.00799260190464
0.0115685451163
-0.00813361729715
0.0188134907993
0.00339916640293
-0.00560186534948
-0.0135718916211
0.0095025981311
0.00571430126344
-0.0034326574908
-0.00634744498949
-0.0125114243518
0.0117365464569
-0.0147255363539
0.00946669601434
0.000505888553425
-0.00711602273958
0.017250513618
-0.00216519731742
-0.00729180388705
-0.00181103566853
0.00285165528466
-0.01031240425
0.00272036928388
-0.0178213187612
0.00167655042531
0.00725327721463
0.00355585989339
0.00306407209463
0.0099039846762
-0.00640203161089
0.00656357760641
0.000161519902632
0.00911376327485
0.00260727687421
-0.00204728805935
0.00296471016775
-0.0102288589784
0.000654328405594
0.00303450726212
6.01950319216e-05
0.00605113792121
0.00514211541568
0.0137736167629
0.00417916302552
0.00165511370442
-0.00642153902794
0.00998532429239
-0.00824411792063
-0.0120448437388
0.00542584222994
0.00217193766126
-0.00375718437105
0.0141969871898
-0.00325988348764
0.0131782788766
-0.00316010822358
-0.0130931587993
0.00605309253713
-0.0192803299689
-0.00607161580024
-0.00641963687005
0.00971341799055
-0.0105965886303
0.0220941471327
0.00198188893694
0.00937526683184
0.00436004953857
0.00472608904369
-0.00527731165971
0.00477682560031
-0.000645226549862
0.00699817102915
0.00394304583281
-0.00259512415232
0.00315714936298
-0.0102901754652
0.00514396527732
0.00129142749365
-0.0150937901811
0.00330405846743
-0.0047123247362
0.00215529878972
0.0150730504454
0.00126020351777
-0.00111691856675
0.00359450247579
0.00787782605035
-0.00546333030521
-0.00136813223814
0.0059151016598
-0.00458494783093
-0.0058086550158
-0.000515838152892
0.0113630028855
-0.000113371186834
-0.00764434003816
-0.00641842144607
-0.00912518725029
0.0079842858145
-0.0084678915885
0.00157569404209
0.0160972355203
0.00171892329489
0.00431749347499
-0.000236222333558
0.0112014402303
-0.00327602153772
-0.0017735242878
0.00467568609334
-0.00771392982488
0.0073212266193
-0.00856552375205
-0.00106642517055
0.0114165708183
0.00273149073274
-0.00569514838869
0.00661639148054
0.00125487442162
0.0117286606259
-0.000477537385558
0.00392373073993
0.00281412363188
-0.00180817013184
0.00168955212275
0.0123246185647
0.000144201305272
0.00205261239895
-0.00309854328254
0.0123191587992
0.00129124774719
0.002364445546
0.00495074630136
-0.00892728377398
0.00477527373689
-0.00534591768839
0.00826032568636
0.00135244455041
0.00684898006263
-0.000930395924221
0.00774150009311
-0.00321178861862
-0.00209145598641
0.0120336509509
-0.00984604069796
-0.0137030038185
0.00497660788713
-0.00263106930753
0.00364456653225
0.000678028811379
-0.00840649356277
0.00183583114027
0.0124773230333
-0.00258480716251
0.00501455970168
0.0106109622338
-0.00489205995844
-0.00548323334543
0.00970999465096
-0.00447850506644
-0.00414115291141
-0.00257510497271
-0.00273073558164
-0.00166660857495
0.00401269178142
0.00108364149066
2.62025896908e-05
0.00958758446989
-0.00596079107489
0.00167816641055
0.00333058983452
0.00172165477071
-0.008385247434
-0.00578728590755
-0.0147410230419
-0.0153409832584
0.0123825857629
-0.0144537944517
0.00560675722442
0.0116808596128
-0.00127333537531
-0.0112361739462
-0.0130422041147
-0.00132459425127
-0.00239786320779
0.0162328833038
-0.00101928072868
0.0129208757357
0.00402762083842
-0.00070122184117
0.00527813196758
0.00847857742687
0.00764274914319
-0.00209681074592
-0.00666759435931
-0.00106147344221
0.00514770103516
-0.0138573595768
-0.00112508372479
0.000593705849491
0.0050984227606
0.00106587748978
-0.0156793231495
0.00529828554976
0.013993037572
0.000587582727942
-0.00445493744657
0.00226948954749
-0.0138908325951
-0.00761976588396
-0.00593377364023
0.00916047919776
0.00184171993552
0.00176700565369
-0.00674565970478
-0.0138205020794
-0.0105956650946
0.00763324012199
0.00166915254033
-0.000765822476026
-0.000675139387182
-0.0106432787441
0.00679358557671
-0.00257778205922
0.000468347522416
0.00400412858889
0.00169029309718
0.0159752725031
0.00169659689079
0.00567029808079
-0.00053524595829
0.000463896381006
0.00337460641949
-0.00744997044128
0.00523416434757
0.0158382749744
0.00154210141837
-0.00954478526341
0.00453303536605
-0.0098861869145
0.00595403344906
0.00136830929244
-0.00133297453982
0.00262012350664
-0.00416718770894
0.00362960777505
0.00847064714513
-0.00298506377798
-0.00546795321254
-0.000952473415983
0.00251151241266
0.00407547203591
-0.010485693797
-0.00315838297967
-0.0081817381001
0.00189748282517
-0.00827860921771
0.00333045602003
0.00138292735631
0.000708682284346
-0.00329649406358
-0.00430988512919
-0.00480055992389
-0.000444991357256
0.00703307161844
-0.0134300899431
0.00270230956149
-0.00974795171248
-0.00196289004031
0.00987662349591
0.000538751297131
0.00456316113884
0.00117158245129
0.00443772973499
-0.00628200279216
-0.00096437286851
-0.0164549697088
-0.0156017842938
0.00117415556489
0.0128904063531
-0.00301648154551
-0.0117438306826
0.00147554337566
0.0135627551217
0.00219337909827
0.012366480041
-0.00360410196204
0.00650355328029
-0.00243387858693
0.000465356074223
0.00796860405414
0.000117644397321
0.00242220593288
-0.0078118317257
0.0046201617092
0.00151120993401
0.0111500916892
-0.00419366726603
0.00686377659437
-0.00449595630338
0.00188843946663
0.0049413649133
0.00168908447352
0.00222700444724
-0.00707967558806
0.00278982474929
0.00448481025238
-0.00564257856089
0.00630692741275
-0.0140358813348
-0.00468064511202
0.00157766421271
-0.00595403881251
0.00590899721658
0.00426094870823
-0.000197364290264
0.0150665337561
0.00323823336173
-0.000608023282231
0.00665049694155
-0.0100322045256
-0.00755511208679
0.00200308987845
-0.00227047194227
-0.0073272854209
-0.00934628399025
0.004440452426
0.00523801721419
-0.00973285391952
0.00038968866182
0.00256091355488
-0.00976290885663
-0.00085823592146
0.0147698172929
0.0127970125397
0.00181104788408
0.00244503231249
0.00027425012668
4.42268483578e-05
0.0111182624449
0.0160272773472
0.00386624991877
-0.00109821294059
-0.000695586489014
-0.00100559099832
0.00904820865848
0.00906841410607
-0.000304056624442
-0.00710401251484
0.00552311817735
0.00136124037608
-0.0112240917655
0.00587841084821
-0.000254865814529
0.00408700276362
0.000752830551414
-0.00345584406415
-0.00403845149459
0.0148405177607
-0.000873325831213
0.000705437778572
-0.000772648290322
-0.0111350693458
0.00486466372844
0.00542148415882
-0.00104322669353
0.00894973040947
0.00391331273822
0.00194263478967
-0.0020839135287
-0.00751648021836
0.000376750323648
0.00899968575877
0.00341198333509
0.000462867305863
-0.00431461715692
0.00712853344921
-7.41659422092e-05
8.24062629226e-05
-0.0013440695992
-0.00815248922922
-0.0117400820418
-0.00363438984409
0.00349970630811
-0.00143213395552
0.00341687898711
-0.00611823721735
0.00397353192291
-0.0086675806362
0.00598654607381
0.00962830374493
-0.00953544343632
-0.00781346664201
-0.00643544606055
-0.00353402723258
0.00399630059845
0.00483249463375
0.000408750676298
-0.00271962860144
0.00842466398322
0.00686725495607
0.00317300694318
-0.00276952692258
0.0109825084614
-0.00108951045188
0.000482525113147
-0.0086122096525
0.0042026014136
0.00690171785234
0.000696679190837
0.003294350442
0.000181783628406
-0.00795495031061
0.000699318193289
-0.0146120172891
0.00559168769246
0.00786285941379
0.00926374094977
-0.00643488474929
0.00564207941579
-0.000272672063958
0.000322240815827
0.00957834165939
0.00260681760579
-0.00481033675423
-0.0102373093671
0.00185410563574
-0.00761211148246
0.00560886588688
-0.00755229034428
-0.00811465501758
0.00179962037906
-0.000470615927269
-0.00494643782927
-0.0102484881226
0.000699587101529
-0.000947119249963
0.00243850570593
-0.00762514166233
0.0136785882302
-0.000694326869554
-0.00651794736721
0.00272451893494
0.00447082623462
0.00226594501425
0.00595317540784
-0.00837996085603
8.46593097727e-06
0.005529843511
-0.0118313505627
-0.010052143003
-0.0168618156705
0.00293629503986
0.00591625035625
-0.0133435446466
0.019544028898
-0.00677317722562
0.0086249897313
-0.00887673130688
0.00394245401706
-0.0114455937248
0.0118519519395
0.00457954841094
-0.00085222509064
0.0123930686396
-0.00257209673884
-0.00109215959798
0.00637397432407
-0.0107631547428
0.00418426763405
-0.0100838882854
-0.00459063402095
0.0100356916667
0.00693316277174
0.00996888765681
0.00464522176343
-0.00151237656749
0.00384367316958
0.000175884553183
-0.00340592926813
0.00637454360116
0.000968118920549
-0.00609135541453
0.00895683009491
0.00172033401941
-0.00689080387433
0.00124502320211
-0.000208788318635
-0.00216561606087
0.00522626001727
-0.00235094145894
0.00225934158378
0.00256993650071
0.00221531812366
0.00362352208643
0.00494251228559
-0.000706928752941
-0.00204962803932
0.00022245199866
-0.0108921357966
-0.00765793986115
-0.000738794287799
0.00909606398638
-0.0014324860242
-0.00712621890104
0.00260712622054
0.0087938118527
-0.00837529323507
0.00244900469692
0.0116113898091
0.00623536754745
0.0022689584407
0.000883255015508
0.00262063428875
0.00115709630661
-0.00554502145552
0.00670891485057
0.00474732587031
-0.00662813525396
0.00539680753285
-0.00377633219178
0.00173157401031
0.00456249905092
0.00558757516004
-0.00770010665225
0.000947548794742
0.007074121948
0.00073920522738
-0.00740057390291
-0.0076677276762
-0.00268620928604
0.00672234463746
-0.00182888964252
0.00703708709565
-0.00601249684208
0.00282437917538
-0.0118458427192
0.000737831955361
-0.0010003034541
0.000565868315403
0.00165476150218
-0.00339439185925
-0.00659203600058
0.00229566237337
-0.00601457053535
0.0059403330165
-0.00319743816607
0.0098158680705
0.00103197493106
-0.00292669938905
0.0125398863584
0.00240510289031
-0.0038006066745
0.00793324420308
-0.000741325717662
-0.00757358703122
-0.00328674696701
0.000464379267701
0.00825753787672
-0.00558137969591
-0.00789447737987
-0.00916298143808
0.00364563546605
0.000551460767666
0.000279729486957
2.46782572228e-05
0.00101128454077
0.00882778572247
0.000920011951772
-0.00171858434242
-0.0100198694248
-0.0149990783016
-0.00410406459093
0.00369441525339
-0.00719195120877
-0.0020740248561
-0.00608666246013
-0.000713521257528
0.00823391199348
0.00297054500269
-0.0101004135376
0.0148450428267
-0.0151336749671
0.00151862894473
0.016637836136
-0.00237069796163
-0.0043217595492
-0.0105304987823
0.0164138778893
0.00715054887993
-0.00352731124258
0.00992761057389
0.00425515079138
0.000163929051874
0.00218588269357
-0.00345703629295
0.00168905108948
0.00841084901711
0.00304987096017
-0.000777806624642
-0.00385744985522
0.0017884584195
0.00936947286996
0.00439169416487
0.00525745082646
0.00507139174743
0.00346678411517
0.00208377807398
-0.00854418412396
1.59049520072e-05
-0.00638225353051
0.0120837538197
0.000324142704686
-0.00236628433794
0.00127484883387
-0.00502168785646
-0.00121756652967
0.00280692452534
0.000841336663645
0.00553829554834
0.0041808286332
-0.00141527259754
-0.00285234960511
-0.00585620768006
-0.000238138708985
0.00251347058478
0.0042119300012
0.000425736570106
-0.00959931337569
0.00129637232785
-0.002984969919
-0.00489869961649
0.0162969571505
0.00366603354427
1.57051206548e-05
0.00935554103255
0.00364963908755
-0.000356611266493
0.00347541054261
-0.00629400893392
0.00120450577378
-0.0035633187425
-0.00398288668463
0.00554826489507
-0.0184962842708
0.0018453185242
0.00240251747535
-0.00172227224445
0.00720898450404
0.00773400269579
0.00114445438762
-0.00398399136068
0.0018575325141
-0.00910200933928
-0.00537306953307
0.000782902710953
-0.00812767391885
0.00862556579176
-0.00147859426091
0.00253677870484
-0.00326501861291
0.00998278847618
0.00349829942023
0.00730140475213
-0.00166109126845
-0.00327592335827
0.00748537874088
-0.00378227588695
0.0012726893485
0.0036306672229
-0.0104553574396
0.0082274269454
-0.00162766760216
-0.00148270655994
-0.00699284468279
-0.0018636415301
0.0020279138627
-0.00489278429329
0.00719757184735
0.00211260821884
0.0103424754323
0.00426072553816
0.00177123515167
0.00146981171536
-0.00166135250839
-0.0060331196596
0.0060024697278
-0.00258563620619
0.000982868981305
-0.00102896467598
-0.00645899487712
0.00744190914324
-0.00202832034013
-0.00414624965895
0.00226792451066
0.00623720212013
0.00430183777765
-0.00192322428203
-0.0103973231185
0.000864157577348
-0.00778111614479
0.0012040285916
0.000776024002564
-0.00294432033092
0.0169331480456
0.00202505790946
0.00116731976069
-0.000137261032571
-0.00242041204066
-0.00488151629353
0.00281533661206
0.00329620623245
0.00067930377794
-0.00414405364061
0.00612589755597
-0.00388352965647
0.00315222920414
0.0102426587566
-0.000830057170681
0.00036229149766
-0.00172961421372
-0.0128807267849
-0.0113047762473
0.00252152322142
-0.00187119726133
-0.0169844857124
-0.00672163912629
0.00412838092875
-0.00392234894552
-0.0043594851963
0.00158241092201
0.0113058937991
0.00570302050221
-0.0159765290823
0.008079223064
0.0122233308407
0.00195032560763
-0.0179600756318
-0.00113872712116
-0.00611113012985
0.0014160251841
-0.00448565226305
-0.0119371311511
-0.0111738453983
0.00517580514223
0.0210127592871
-0.00368465544285
-0.00915858019352
-8.06370325592e-06
0.0096938552009
-0.00528466279142
-0.000883498712142
0.00485760816666
-0.00912544087165
0.00547241024474
0.0213357730212
-0.00209982499975
0.00783413602903
-0.00727532510115
0.00249117021238
-0.00677285267887
0.00146871892543
0.0040082423327
-0.0109284659956
-0.0130515911737
-0.00490624269397
-0.00138422891827
0.00191798063935
0.018385005978
-0.00851360694832
-0.00710208575263
0.0164884592675
0.00630093910452
-0.000378357931112
-0.00410807972276
0.0120784393552
-0.00147933073577
-0.00450624491725
0.00509354285471
0.00223640267119
-0.000711040297496
-0.00281003499807
-0.00336834158885
-0.00435874783164
0.0046182542205
-0.00399441156654
0.00115978631908
0.0136035209374
0.0076327079866
0.00158123531255
0.0037080103106
-0.00367718179422
0.00100140976038
-0.00449879414992
0.00237152734697
-0.000748702348619
0.00515236788895
0.00191860568589
0.000835361112322
-0.00118810832659
0.00549941535085
0.0017071483344
-0.00994073638178
-0.00481059256035
0.00377949804691
0.000477205738603
0.0103042396253
0.00385395012323
-0.00135896921478
0.00256455143326
0.00115114900399
-0.00268301901879
0.00570604162057
-0.00541010168663
-0.00246884632828
0.0087765362783
0.00749612932109
0.000179577544311
0.00171184917732
-0.00226565021226
-0.00339686210916
0.00209347161168
0.0119883267611
0.00223420797082
-0.00268609497713
0.000792519252665
0.00204136043197
-0.00256716757655
0.00949586533658
0.00204511790389
0.00251583498942
-0.00366615731639
0.00128212190393
0.000848958613029
0.00119902337838
0.00613342443303
0.0002613999434
0.00350775834379
0.00495075524954
-0.0084875546574
0.000428270194223
7.25723637187e-06
-0.0073787096137
-0.000343674024917
-0.00222577005391
0.0112825895838
0.00221528929162
0.00208050469474
-0.00534723873193
0.00186283908423
0.00254581885724
0.00633633548098
0.00240161561276
0.00228156289408
0.00102821898697
-0.000499696623169
0.00164805214039
0.00233543486121
-0.00366222479534
-0.0136477965577
0.00343846503735
0.00915949264921
0.000821396348471
-0.00280266436396
0.0088459250374
0.00399450932714
-0.00131557561253
-0.00397846059993
0.00181035358428
0.00226718909107
-0.00104793608684
0.00116823683886
0.00865190164648
0.00112179161867
-0.00323557871667
0.00215587700204
-0.00141800183812
-0.00368073101105
-0.00533040504829
0.00434282031791
0.00699082228469
-0.00147988678874
-0.00452335076557
-0.00119933698104
0.00122753936132
-0.00610316422124
0.00221785356008
-0.000516823318111
0.00193847868948
0.00631988209676
0.00484140302118
0.000817430170961
-0.000894316955209
-0.00297516136559
0.002891278131
-0.00529185205207
0.00353567963579
0.00846552619914
-0.0113338014861
-0.00120868015614
-0.00109750960784
0.00575553276166
0.00657121504046
0.0053394852568
0.00169296561565
-0.000967057939964
0.000697757188092
0.00139405547728
-0.00117998999314
-0.00710237640173
-0.00326666794637
0.00756876456471
0.00761498527288
0.0010370488308
-0.000872147977064
0.00284026782415
-0.00140540452501
-0.000857924356245
-0.00356999522774
-0.00125493024716
-0.035342692133
0.00554555105264
-0.00259787547486
-0.011468262191
-0.0094521742816
0.0153747526701
-0.00246826894537
0.00710131623466
0.000677427086621
0.00267669161465
-0.0205785574289
0.00666881304979
0.00367699059697
-0.00383559945345
0.0108354920461
0.00631356523086
0.0169365744543
-0.000348483056796
0.00109382903282
0.000967424325785
-0.00620355011513
-0.00799768128784
0.0037327141405
-0.00117465433305
0.00259365228109
0.00923732776428
0.00111221571765
0.00304530381404
0.000588567271186
0.00261320577331
-0.00659451140536
0.00618707956687
0.00348198169532
0.0105985559977
0.0021429964559
0.000692939517805
-0.0012027603778
0.00921808982797
-0.0023066971864
-0.000351192369228
0.0100880274041
-0.000782695120016
-0.000120469026221
-0.00786178136455
0.00264765184126
0.00645159201386
0.0043157712461
0.00214760006878
0.00256044715519
-0.00116664470345
0.00321822613288
-0.0140545912949
0.00959531203235
-0.0017946166332
-0.00130477927137
0.00858949409861
-0.000918434497262
0.00658872421416
0.00154207094554
-0.00064278735791
-0.00120798334017
-0.00974992788555
0.00543788799822
0.00156896902159
0.00795191078761
0.000254831175726
0.00373008231741
0.00184684268496
-0.00536134933285
-0.00890329435429
-0.0177259386748
0.0113061880271
0.000961286739653
-0.0107391809297
0.0150700668675
0.00480479032987
0.00650551399692
-0.00121411521592
0.00172934213912
-0.0136944376256
0.00616140834156
-0.0129797673164
-0.00321301479625
-0.00324346659524
0.00896902882647
-0.000418319755108
-0.00156859649452
0.0106393132686
0.003573895996
0.000347510223904
0.003298605012
0.000920879537628
-0.0142870374297
0.00570509457927
0.0188757454894
0.00309657688892
-0.00192132927365
-9.68088574407e-05
-0.0020674913843
0.00445915072994
-0.0122961661715
0.00485748775909
-0.0200032221527
0.00465481027854
-0.0236151938863
-0.0161207729617
0.0102017346529
-0.01272728314
0.00721654028113
0.004349889943
-0.0269458624706
0.0238640911098
0.00614053104916
0.013973732858
-0.0300980497068
0.000378432125835
-0.000495431035125
-0.0183233926355
-0.0140053961557
0.00324347243328
0.024269620885
-0.00026975711648
0.00108550242797
0.0116448541925
-0.00107292847983
0.0114690213509
-0.00853998184498
-0.0237529060381
0.0216850340825
-0.00418977815613
0.0111543199656
0.0104137729468
-0.0115677706582
0.00424286602526
-0.0170530376475
-0.00127355666469
0.0135402093964
4.75696981113e-05
0.00838438887541
0.000202142713444
-0.00513358552512
0.0287895788972
0.00606795988085
-0.00674591931482
0.00459846433575
-0.00527029490164
-0.000342675641092
0.00539666007738
0.00389950768934
-0.00302799654535
0.013202134632
-0.000265057360611
-0.00456222317969
0.00210872668922
0.00951488101968
-0.00322169163316
0.00806360275594
-0.00171376360039
-0.00517185003321
0.00474294983555
-0.00841667589882
-0.00659491124526
0.00175987213294
-0.000752924107071
-0.0259493431954
0.00379120894678
0.00876433275093
-0.00244443321617
-0.000976807501405
0.0136934539149
0.00370580284057
-0.00648439772092
0.0119206709623
-0.0267788466944
0.000801831664946
-0.00496710651962
0.0119772213018
-0.0298097102054
-0.000576195027448
-0.0143900149796
-0.0100385235017
0.0286777887397
-0.00709441489178
-0.0133005352559
0.00521670387049
-0.0176145024022
0.00447621154151
-0.0160551257656
0.0167494738007
-0.0235129796243
0.0148197884127
0.0281595964293
0.000476394654334
0.00774015508312
-0.00590475584451
-0.00656173463071
0.0150759351735
0.0149250017609
-0.0017795489424
0.00748194259056
-0.0255959136601
0.00603191853972
0.0012235295644
-0.013841566425
-0.0151349046148
0.00626018977257
-0.00136177023637
0.00488823953536
0.0165324456358
0.00804456670014
0.00080825358178
-0.0143852537627
0.00150266039728
-0.00687516494016
-0.0145431165985
0.0
-0.0248579500645
0.0032180407641
-0.0185226773879
0.0135320642287
0.00791674630246
-0.0136886962095
0.0108119905896
-0.0252408652364
-0.00562788552223
-0.0295242121028
-0.00606372511423
-0.011147101603
0.0212155479031
0.010012459744
-0.0159992677244
0.0173961482522
0.00614081583366
-0.00477538608322
0.0166331604267
0.0121632230948
-0.0105179196291
-0.0325185232724
-0.00765280161896
0.00785478026227
-0.00421258399743
0.00587175240245
0.00723964188683
0.0135123757495
-0.0135123757495
0.00083739375366
-0.000896704855233
0.00830627816793
-0.0129508648083
0.00784975317701
0.0137180993862
0.00689409905755
-0.000919853322915
-0.00898211810913
-0.0274633594174
0.000533439533005
-0.00345361109838
0.00522469192034
-0.0222598689312
-0.00844595063434
-0.0155842857334
0.0364571102924
-0.00903627479643
0.00511385319466
-0.0210023006105
-0.00899902358757
0.0415348846432
-0.0245870378098
0.0236623126241
0.0152052463133
0.00230125856774
-0.00880441599726
-0.0115266622742
-0.00798192789009
0.00567115003306
0.035267016021
-0.0019359251547
0.00130077041477
0.000795704696856
0.0015603698471
-0.00511308307313
-0.00812495508406
0.00446403004259
-0.0205845285796
-0.00338951529818
0.00458924850148
0.0224377174689
0.000622649062152
0.0179765281222
-0.00155479606632
-0.00884919906164
0.00289563933562
0.00642169249702
0.00647372230673
-0.00105217584621
-0.00389623462711
-0.00385373586541
0.0169954679877
0.003230333918
-0.00454386740493
0.00762279193201
-0.0182798072871
0.00366275832839
-0.00674814833739
0.0109605447049
-0.000384804502685
0.00399758685798
0.0105289031898
0.00124959650086
0.000897622063229
-0.00931687038612
-0.0161837411746
0.00261394876419
-0.0132984907401
0.00682294917125
0.0039550658683
0.00532072532722
0.0015150218717
-0.0105598511821
-0.00580462814196
-0.000326696556257
0.0193084650229
-0.0313763427155
0.000793405956902
-0.00244099819757
-0.0170387168414
0.00327432862362
0.014934163997
8.08772981542e-05
-0.00679439146216
-0.00975929553107
0.00374537861729
-0.0187170033544
5.31121843268e-05
-0.00281884021639
0.00582645241852
-0.0298050559988
-0.00372434093187
0.00126642657972
0.00382859905231
-0.0183713338686
0.00109332055479
-0.00842081780699
0.0169362047506
-0.0230395476855
0.0069653775495
-0.0111518757863
-0.00906890512839
-0.0109610995881
0.0247546447706
0.0119410122274
0.000285600953945
-0.000539536963435
0.013401856087
0.0040559763949
-0.0233960638506
0.00415887146863
-0.0187716425971
0.0230874654931
0.0165344930215
-0.0132308995358
-0.0055940549965
-0.00900648493206
0.028314091256
0.00334878540819
-0.0180964997282
0.0236118665797
0.0069187404112
-0.0121238830457
-0.00291991416658
0.00550653642873
0.00406772895735
-0.0152129602667
-0.00935853040329
0.00617813025115
0.002491910421
0.0112689525226
-0.0198205813345
0.00367955976834
0.00795094213969
0.014731091918
-0.0138186297277
-0.00410091146156
-0.00203717123138
-0.0303788375111
0.00442089508881
0.0203026773668
-0.034734463182
0.00613056814139
0.0137119302511
0.00211936498404
-0.0482829827494
0.0173715044497
-0.0482880654563
0.0424288108904
0.0394674210858
-0.0389868111992
-0.0157561153919
-0.00197970655495
0.0194657614993
0.00337674989067
-0.092189615966
0.0527582102814
-0.00455440716443
-0.041124924545
-0.013598521732
-0.0392793013346
-0.0591077577169
-0.0113974290094
-0.0792240420527
-0.0118289626735
0.109571959348
-0.00533638393118
-0.0946951446809
0.0416288596114
-0.0062322006929
0.0465828395708
-0.0312839549787
-0.0629531251384
0.0125549466455
-0.0351208163583
-0.0322797469125
0.102457327959
-0.0111409256682
0.0254766509627
0.0152485740463
-0.00253223566229
0.0400144658246
-0.0541152794306
-0.0515711931762
0.0284461978577
-0.0127339305802
-0.0222871899283
-0.0532888380441
0.0669226005788
-0.0425934895717
-0.0261493751544
0.00979029616895
-0.0631055228557
-0.0694818274694
0.06132796774
0.0627142703004
0.00652939366291
0.0347184267583
0.00959691656406
-0.0935365594548
0.039163693773
0.0255080562589
-0.0297464763273
0.0358490479194
0.0376688784084
-0.0233889118268
0.0118239991346
-0.0289388040971
0.00700388417343
-0.0127668610454
0.0500848322417
-0.00963915914026
-0.0213898751183
0.00293261957566
-0.0184715767889
-0.00976494826933
0.00576443712288
0.00534192372871
-0.00388011185794
0.0241139827595
0.0140590646073
0.0311188293549
-0.00467931471001
0.00778673751585
-0.0304691340885
0.00339136408903
-0.0215332083417
-0.0228226262709
0.00175655164134
-0.0340324838995
0.00132830494637
0.00753312572584
-0.0542619839839
0.0425720333079
-0.0152784580633
0.0053632356103
0.00553785607259
0.0108663123082
0.03300683394
-0.0336810510753
-0.0230528095904
-0.000532907020339
0.0157099297542
-0.00751766232482
0.0162331939955
0.0265406811794
0.0014840467725
-0.0503686201877
0.00792345646935
0.00173764072171
-0.0100480379456
-0.046629445683
-0.000950817457645
-0.0120969217088
-0.0114785732771
-0.0353153563334
0.039320053266
-0.0107150384092
-0.0159056676286
-0.0238464980031
-0.0477418626684
-0.00642739213016
0.0234753897022
-0.0434632911508
0.00121528936645
-0.0100742812898
0.0617187095508
0.00244281711527
0.0399210675698
0.00770923813617
-0.00352215612656
0.0316342851586
0.0206434162364
-0.013064130709
-0.019967428386
0.0683663795349
-0.0206263758067
0.00958032018841
0.0230526258274
-0.0205247379662
-0.0354393576366
0.0130442116985
0.0164210159895
0.0283222411798
0.00968472814649
-0.0083672522394
-0.0241436777271
0.0117145746648
0.0373470609252
0.00253018575013
-0.0202685399693
0.0124709332541
0.0154193207277
0.00495706819431
-0.0437322548148
0.0210293817104
-0.00771128565065
0.00987344865514
0.0166578365074
-0.0101176214348
-0.00274425484747
0.021379805556
-0.000950499656433
0.0053818552713
0.0333072766092
-0.00379892673506
0.0172545729624
-0.0132903232685
0.0237839395413
-0.0217472004811
-0.000979318846528
-0.0272632060798
0.0102984044575
-0.0114756742334
0.0299365763736
-0.00173832724318
-0.00514463488421
-0.0168996096956
-0.00149831327
0.0259621888269
-0.0191534032674
0.0153012335871
0.0134834487964
0.0254899649772
0.00198134213292
-0.0138344865684
0.0114182073089
-0.00251786274158
-0.00101105248525
0.00349708313052
-0.00348643514751
0.00609330774266
0.00139601312926
-0.0240555363157
-0.0128019006192
-0.00138257971856
0.00837584444866
0.00310937410769
-0.0310783609278
0.00230407117042
0.00650321883925
0.0212175760963
-0.00147893630558
0.00902434447414
-0.00856738066425
0.00435243408172
-0.0295776472525
0.00256247563815
-0.0198798512143
-0.00166989513924
0.00354095158431
-0.00402995192953
0.0246279678789
0.0053019400415
0.029199472375
0.00860463721962
-0.000382750706382
0.0113667025214
0.00362070175313
-0.000534409150067
0.0230226294074
0.00303751096474
0.00297740655553
-0.00260984958006
-0.00457343604754
0.0118254092244
0.000739528862665
0.0152255831784
0.00300755101521
-0.00291779112286
-0.00564057901148
0.0133497370008
-0.00335055181162
-0.0127409352986
0.0114592086674
0.00685646765458
-0.0085679960091
-0.0245599141678
0.0100945307268
0.00683744412808
0.0108892548819
0.0184514701199
-0.000545888788718
0.00236661144658
0.000116724704916
0.00277791446668
-0.0019903788775
-0.00810914155545
-0.0223722090852
-0.00330190636156
0.00849859218503
0.0130322099539
0.00880605556425
0.0077522780363
0.0103682740223
-0.00135130622852
0.00631912124878
0.00313039927941
0.0152073035638
-0.00306431070285
0.00263381272235
-0.00341310060536
0.00655334879797
-0.0101195219563
-0.0095565806755
-0.00610933762207
0.0176528765989
-0.00223207020562
-0.00333382437418
-0.0260972293592
-0.00451569091384
0.0147654534019
0.0136124058025
0.00270795033631
0.00744212265493
0.00562480132669
0.00437682290005
-0.00279150447862
0.0173936705751
0.00414881476768
-0.00813101941537
0.00936138498911
-0.00625867175894
-0.00889320279002
0.0105873656608
-0.0122532614649
-0.0117864912962
-0.00332338502248
-0.0197343586868
0.0222701427572
-0.028465985208
0.00643559196167
0.00242303630035
0.00104210993651
0.0190528826428
0.00250008323374
0.0219951707821
-6.40412792006e-05
0.00501935784042
-0.0103123411872
0.00572289613595
0.0143639146899
0.00091907630297
-0.000468443155783
-0.0135167840124
-0.0032200843822
0.0135239272361
-0.000533480429852
0.00449402456499
-0.0173836866244
0.00378580502638
0.0120029202554
0.00034263559237
-0.00843764624911
0.00549436986716
-0.00247145058648
-0.0103044384093
0.00366563628899
0.00582269761363
0.0036762749892
0.00693534024775
-0.00556247046376
0.00112759414954
-0.0118808250209
0.00581293852157
0.010448906717
0.00355723985928
0.00229606865785
0.00524239430852
0.00115337196607
-0.0014019647546
0.000195328107448
-0.0101003749566
0.0159160688924
